6371600.0 0.041985023614794253 1.710422666954443 3.0849320441040815 2.6751539622981806 2.123443522322902 290
6371600.0 0.0226647693302024 1.710422666954443 2.5063195771400015 0.3128048588771773 0.8838709015940781 2364
6371800.0 0.04229066518238239 1.710422666954443 1.747690548853242 4.263381177458597 5.521355511244786 4127
6371800.0 0.02425790585940105 1.710422666954443 1.610165182206677 0.9414682990007822 5.996206155068467 1976
6371800.0 0.0382896679451853 1.710422666954443 3.723612626732907 2.262610218460081 2.0782993293752714 3645
6371800.0 0.08610215718018607 1.710422666954443 5.657241349463843 2.422029528125302 2.5350810227602474 3157
6371600.0 0 1.710422666954443 5.0534101651835135 3.75814433935543 2.8942908730431824 5017
6371800.0 0 1.710422666954443 3.049417661662877 3.3218349047810456 0.8450463781387657 235
6371800.0 0.016051636458879297 1.710422666954443 1.4919608695452093 0.20506392268790094 5.590991983032567 4765
6371600.0 0.012107451431133112 1.710422666954443 2.8736592173823383 5.364659368143597 1.9094028065123179 3204
6371600.0 0.02424409545927941 1.710422666954443 3.1993711199516404 3.422002654312584 5.635656515988638 1831
6371800.0 0.007652768351978895 1.710422666954443 4.955796601894526 1.2609393881157347 4.973435224624728 4023
6371600.0 0.020384522368335725 1.710422666954443 6.21219000663027 3.6847944019803376 6.147034140979959 275
6371800.0 0.06294370465310385 1.710422666954443 0.40171440038243117 3.090978615456463 0.20592537493171145 2198
6371600.0 0.040558903108082155 1.710422666954443 1.737778822703629 5.051566208292588 5.510899592529631 854
6371800.0 0.10373765653888636 1.710422666954443 2.8473643640351 1.5836472817528706 6.004908475036625 3145
6371600.0 0.007479041432563711 1.710422666954443 4.603836784876096 5.165528859573951 0.7889814215390039 1042
6371600.0 0.03709619305460454 1.710422666954443 6.198060922429229 3.110220410370396 6.058862332005153 149
6371800.0 0 1.710422666954443 6.0811904627644084 1.2238143878387526 4.066658311967618 303
6371600.0 0.010696792943031844 1.710422666954443 2.1354445015596912 2.433470973231771 1.5252952871131427 2785
6371600.0 0.03911674710804894 1.710422666954443 2.5738046220302513 4.272987836154986 5.444484624179613 4539
6371600.0 0.06814701963549466 1.710422666954443 3.3271685006886416 1.7052778826604067 5.441565008737429 4024
6371800.0 0 1.710422666954443 2.755475097979501 4.523748155318307 2.096461467002174 2466
6371800.0 0.009499191735393007 1.710422666954443 0.8087050640452227 0.8753597728153256 4.023135664524491 561
